comp...
compiled !
(1, 9019747), 
(1, 3629786), (2, 9019747), 
(1, 3629786), (2, 9019747), (3, 7091927), 
(1, 2013733), (2, 3629786), (3, 7091927), (4, 9019747), 
(1, 2013733), (2, 3629786), (3, 7091927), (4, 9019747), (5, 4784225), 
(1, 2013733), (2, 3629786), (3, 7091927), (4, 9019747), (5, 4784225), (6, 7865835), 
(1, 2013733), (2, 3629786), (3, 7091927), (4, 9019747), (5, 4784225), (6, 7865835), (7, 7145336), 
(1, 2013733), (2, 3536931), (3, 7091927), (4, 3629786), (5, 4784225), (6, 7865835), (7, 7145336), (8, 9019747), 
(1, 2013733), (2, 3536931), (3, 7091927), (4, 3629786), (5, 4784225), (6, 7865835), (7, 7145336), (8, 9019747), (9, 9584045), 
(1, 1967593), (2, 2013733), (3, 7091927), (4, 3629786), (5, 3536931), (6, 7865835), (7, 7145336), (8, 9019747), (9, 9584045), (10, 4784225), 
